   0.00000000       0.0000000000000000        0.0000000000000000        0.0000000000000000     
   1.66666675E-02   1.9362869212238978E-002   2.3089836964037777E-009   1.9366666219527057E-002
   3.33333351E-02   3.8125862258192283E-002   3.4731619312728599E-009   3.8133332454211390E-002
   5.00000007E-02   5.6288979109131762E-002   3.6724013603210140E-009   5.6299998704053000E-002
   6.66666701E-02   7.3852219857127949E-002   3.0788842472912591E-009   7.3866664969051879E-002
   8.33333358E-02   9.0815584678452063E-002   1.8525947501160582E-009   9.0833331249208032E-002
  0.100000001      0.10717907380324049        1.3836372715613245E-010  0.10719999754452147     
  0.116666667      0.12294268749182008       -1.9357826106037016E-009  0.12296666385499218     
  0.133333340      0.13810642601746323       -4.2592309317482245E-009  0.13813333018062016     
  0.150000006      0.15267028965493623       -6.7385868462610301E-009  0.15269999652140542     
  0.166666672      0.16663427867396957       -9.2968911051825319E-009  0.16666666287734794     
  0.183333337      0.17999839333667716       -1.1872423428132910E-008  0.18003332924844775     
  0.200000003      0.19276263389794737       -1.4417239703791716E-008  0.19279999563470485     
  0.216666669      0.20492700060788627       -1.6895556951969353E-008  0.20496666203611918     
  0.233333334      0.21649149371549742       -1.9282078548822960E-008  0.21653332845269083     
  0.250000000      0.22745611347290284       -2.1560331092785636E-008  0.22749999488441972     
  0.266666681      0.23782086013954784       -2.3721064829738697E-008  0.23786666133130591     
  0.283333331      0.24758573398596456       -2.5760762570127519E-008  0.24763332779334934     
  0.300000012      0.25675073529680686       -2.7680285679577371E-008  0.25679999427055011     
  0.316666663      0.26531586437298310       -2.9483678579177890E-008  0.26536666076290810     
  0.333333343      0.27328112153282563       -3.1177141342747240E-008  0.27333332727042337     
  0.349999994      0.28064650711232020       -3.2768176488939746E-008  0.28069999379309596     
  0.366666675      0.28741202146448441       -3.4264901990338952E-008  0.28746666033092577     
  0.383333325      0.29357766495803661       -3.5675522008319301E-008  0.29363332688391286     
  0.400000006      0.29914343797551002       -3.7007934888731150E-008  0.29919999345205728     
  0.416666657      0.30410934091097885       -3.8269458751249241E-008  0.30416666003535892     
  0.433333337      0.30847537416754178       -3.9466647568471236E-008  0.30853332663381783     
  0.449999988      0.31224153815468303       -4.0605170929155921E-008  0.31229999324743402     
  0.466666669      0.31540783328559036       -4.1689732213127226E-008  0.31546665987620753     
  0.483333319      0.31797425997446532       -4.2723997803378102E-008  0.31803332652013827     
  0.500000000      0.31994081863382023       -4.3710516280761331E-008  0.31999999317922628     
  0.516666651      0.32130750967171473       -4.4650610764514841E-008  0.32136665985347157     
  0.533333361      0.32207433348885500       -4.5544229365559129E-008  0.32213332654287419     
  0.550000012      0.32224129047546712       -4.6389751192715074E-008  0.32229999324743402     
  0.566666663      0.32180838100784576       -4.7183745157746852E-008  0.32186665996715114     
  0.583333313      0.32077560544449712       -4.7920690597679580E-008  0.32083332670202558     
  0.600000024      0.31914296412182847       -4.8592673991291766E-008  0.31919999345205724     
  0.616666675      0.31691045734937207       -4.9189081922547325E-008  0.31696666021724618     
  0.633333325      0.31407808540460153       -4.9696317956794688E-008  0.31413332699759244     
  0.649999976      0.31064584852745580       -5.0097574404635943E-008  0.31069999379309593     
  0.666666687      0.30661374691476490       -5.0372695657740985E-008  0.30666666060375669     
  0.683333337      0.30198178071484244       -5.0498170432984139E-008  0.30203332742957478     
  0.699999988      0.29674995002257371       -5.0447292737885396E-008  0.29679999427055009     
  0.716666639      0.29091825487538597       -5.0190526833365234E-008  0.29096666112668268     
  0.733333349      0.28448669525051506       -4.9696114445910238E-008  0.28453332799797260     
  0.750000000      0.27745527106400170       -4.8930948488778013E-008  0.27749999488441973     
  0.766666651      0.26982398217182069       -4.7861742213714842E-008  0.26986666178602414     
  0.783333361      0.26159282837350595       -4.6456504303151276E-008  0.26163332870278588     
  0.800000012      0.25276180941854570       -4.4686331467307028E-008  0.25279999563470484     
  0.816666663      0.24333092501570625       -4.2527514536470494E-008  0.24336666258178108     
  0.833333313      0.23330017484530027       -3.9963951395620212E-008  0.23333332954401459     
  0.850000024      0.22266955857423693       -3.6989847448040754E-008  0.22269999652140543     
  0.866666675      0.21143907587350005       -3.3612679958792431E-008  0.21146666351395349     
  0.883333325      0.19960872643748273       -2.9856389482769288E-008  0.19963333052165885     
  0.899999976      0.18717851000437419       -2.5764755352409564E-008  0.18719999754452149     
  0.916666687      0.17414842637655728       -2.1404892831266333E-008  0.17416666458254138     
  0.933333337      0.16051847543972406       -1.6870794333149020E-008  0.16053333163571853     
  0.949999988      0.14628865717917089       -1.2286806034517023E-008  0.14629999870405300     
  0.966666639      0.13145897169150514       -7.8109004757045301E-009  0.13146666578754473     
  0.983333349      0.11602941918978789       -3.6375552363028119E-009  0.11603333288619373     
   1.00000000      0.10000000000000001        0.0000000000000000       0.10000000000000001     
