   0.00000000       0.0000000000000000        0.0000000000000000        0.0000000000000000     
   1.66666675E-02   3.4360407086262024E-003   8.4495960400500405E-011   3.4366666219527060E-003
   3.33333351E-02   6.8121033231763857E-003   1.5367066469053404E-010   6.8133332454211396E-003
   5.00000007E-02   1.0128187769436661E-002   2.0836989189809253E-010   1.0129999870405301E-002
   6.66666701E-02   1.3384293976131114E-002   2.4948038360121536E-010   1.3386666496905189E-002
   8.33333358E-02   1.6580421874893024E-002   2.7791642904835525E-010   1.6583333124920802E-002
  0.100000001       1.9716571400236110E-002   2.9460847222156299E-010   1.9719999754452149E-002
  0.116666667       2.2792742489525893E-002   3.0049143104160421E-010   2.2796666385499216E-002
  0.133333340       2.5808935082951897E-002   2.9649578417233818E-010   2.5813333018062018E-002
  0.150000006       2.8765149123501772E-002   2.8353938267252162E-010   2.8769999652140540E-002
  0.166666672       3.1661384556936213E-002   2.6252005932659733E-010   3.1666666287734790E-002
  0.183333337       3.4497641331766714E-002   2.3430981252443572E-010   3.4503332924844775E-002
  0.200000003       3.7273919399234426E-002   1.9975061671257210E-010   3.7279999563470487E-002
  0.216666669       3.9990218713290997E-002   1.5965000394625522E-010   3.9996666203611919E-002
  0.233333334       4.2646539230581197E-002   1.1477826507665290E-010   4.2653332845269079E-002
  0.250000000       4.5242880910427774E-002   6.5866948033450651E-011   4.5249999488441973E-002
  0.266666681       4.7779243714816608E-002   1.3607231253348005E-011   4.7786666133130595E-002
  0.283333331       5.0255627608384028E-002  -4.1350887871612955E-011   5.0263332779334938E-002
  0.300000012       5.2672032558404892E-002  -9.8397954850866722E-011   5.2679999427055008E-002
  0.316666663       5.5028458534781714E-002  -1.5696442688848250E-010   5.5036666076290812E-002
  0.333333343       5.7324905510033872E-002  -2.1652013878506813E-010   5.7333332727042337E-002
  0.349999994       5.9561373459287852E-002  -2.7657217348170236E-010   5.9569999379309596E-002
  0.366666675       6.1737862360268007E-002  -3.3666304473912158E-010   6.1746666033092576E-002
  0.383333325       6.3854372193286185E-002  -3.9636877577182090E-010   6.3863332688391283E-002
  0.400000006       6.5910902941233016E-002  -4.5529595130398207E-010   6.5919999345205732E-002
  0.416666657       6.7907454589567651E-002  -5.1307960892241876E-010   6.7916666003535880E-002
  0.433333337       6.9844027126307898E-002  -5.6938000674260431E-010   6.9853332663381784E-002
  0.449999988       7.1720620542019997E-002  -6.2387992517279999E-010   7.1729999324743415E-002
  0.466666669       7.3537234829807591E-002  -6.7628193399648878E-010   7.3546665987620746E-002
  0.483333319       7.5293869985300951E-002  -7.2630564558212968E-010   7.5303332652013832E-002
  0.500000000       7.6990526006644938E-002  -7.7368456578524930E-010   7.6999999317922632E-002
  0.516666651       7.8627202894487103E-002  -8.1816406853745093E-010   7.8636665985347159E-002
  0.533333361       8.0203900651965310E-002  -8.5949843402965938E-010   8.0213332654287428E-002
  0.550000012       8.1720619284694720E-002  -8.9744912156370466E-010   8.1729999324743410E-002
  0.566666663       8.3177358800755025E-002  -9.3178279963204372E-010   8.3186665996715120E-002
  0.583333313       8.4574119210677423E-002  -9.6226981992317586E-010   8.4583332670202557E-002
  0.600000024       8.5910900527431208E-002  -9.8868272600875191E-010   8.5919999345205722E-002
  0.616666675       8.7187702766411537E-002  -1.0107958510359105E-009   8.7196666021724628E-002
  0.633333325       8.8404525945426679E-002  -1.0283849223559484E-009   8.8413332699759248E-002
  0.649999976       8.9561370084686703E-002  -1.0412272279964532E-009   8.9569999379309595E-002
  0.666666687       9.0658235206792906E-002  -1.0491021993137742E-009   9.0666666060375670E-002
  0.683333337       9.1695121336728330E-002  -1.0517927011520719E-009   9.1703332742957486E-002
  0.699999988       9.2672028501849996E-002  -1.0490869878909115E-009   9.2679999427055015E-002
  0.716666639       9.3588956731883402E-002  -1.0407814155538088E-009   9.3596666112668273E-002
  0.733333349       9.4445906058919366E-002  -1.0266829111449085E-009   9.4453332799797257E-002
  0.750000000       9.5242876517412978E-002  -1.0066140084310954E-009   9.5249999488441969E-002
  0.766666651       9.5979868144186520E-002  -9.8041673229183016E-010   9.5986666178602423E-002
  0.783333361       9.6656880978436360E-002  -9.4795891772397620E-010   9.6663332870278590E-002
  0.800000012       9.7273915061743155E-002  -9.0914010572994530E-010   9.7279999563470498E-002
  0.816666663       9.7830970438087778E-002  -8.6390001952395660E-010   9.7836666258178120E-002
  0.833333313       9.8328047153872528E-002  -8.1222724189212096E-010   9.8333332954401456E-002
  0.850000024       9.8765145257948453E-002  -7.5416899543043435E-010   9.8769999652140547E-002
  0.866666675       9.9142264801649851E-002  -6.8984335050141600E-010   9.9146666351395352E-002
  0.883333325       9.9459405838836418E-002  -6.1945263317740049E-010   9.9463333052165898E-002
  0.899999976       9.9716568425944355E-002  -5.4329898344891714E-010   9.9719999754452157E-002
  0.916666687       9.9913752622047894E-002  -4.6180212612521508E-010   9.9916666458254130E-002
  0.933333337      0.10005095848893117       -3.7552011048788181E-010  0.10005333316357186     
  0.949999988      0.10012818609117391       -2.8517332389647198E-010  0.10012999987040530     
  0.966666639      0.10014543549625084       -1.9167234118960745E-010  0.10014666657875448     
  0.983333349      0.10010270677464846       -9.6150116234293404E-011  0.10010333328861938     
   1.00000000      0.10000000000000001        0.0000000000000000       0.10000000000000001     
