   0.00000000       1.2627497173010932E-003   9.0909913937124677E-004  -2.3349100562967124E-004  -1.0696594068923177E-003
   1.25000002E-02  0.19815543967638480       0.25423994048159038        8.1796591743991579E-002   2.2732568272286861E-002
   2.50000004E-02  0.35349314294977868       0.46859885517017336       0.17570763166987696        7.6054282675654533E-002
   3.75000015E-02  0.47997422884850360       0.64741286003876763       0.27026101242515255       0.12075762042803484     
   5.00000007E-02  0.58724944855076899       0.79556919758030831       0.36136422813036306       0.16699872039698610     
   6.25000000E-02  0.68186710091616476       0.91850093132582777       0.45120162801646579       0.22349419597156564     
   7.50000030E-02  0.76772880398948662        1.0214851345214166       0.54104877872343082       0.28829455880810534     
   8.74999985E-02  0.84684362793411683        1.1091518338809765       0.63003225323496415       0.35793791303059252     
  0.100000001      0.92004579400863074        1.1852561595332474       0.71670402500680597       0.42958913664064080     
  0.112499997      0.98756038499670873        1.2526293968021469       0.79980163727129605       0.50122390018544682     
  0.125000000       1.0493516781460772        1.3132768358738371       0.87843252734878863       0.57127179572307318     
  0.137500003       1.1053240550363896        1.3685315168271701       0.95198123633261023       0.63867463933074187     
  0.150000006       1.1554141733064334        1.4192327645350185        1.0201095736381880       0.70266092032698191     
  0.162499994       1.1996376438858642        1.4658814832982598        1.0826923664143229       0.76280102237110570     
  0.174999997       1.2381036498375111        1.5087694916065435        1.1397984688011260       0.81884608220690747     
  0.187500000       1.2710203107152052        1.5480701840565165        1.1916306265367911       0.87074361097340358     
  0.200000003       1.2986875961870588        1.5839021630620782        1.2384982990917492       0.91852360102030084     
  0.212500006       1.3214865297832981        1.6163666200488407        1.2807686223606636       0.96229863590851394     
  0.224999994       1.3398612492566455        1.6455701236054912        1.3188404624283914        1.0022006026939316     
  0.237499997       1.3542996887537411        1.6716348468404019        1.3531099456074607        1.0383873455633936     
  0.250000000       1.3653116029263130        1.6947033165004157        1.3839552591719830        1.0710156570401745     
  0.262499988       1.3734082595670460        1.7149381458971487        1.4117203085124126        1.1002525488714492     
  0.275000006       1.3790834279297670        1.7325202464354101        1.4367122407446935        1.1262665068355537     
  0.287499994       1.3827983872812240        1.7476451186085289        1.4591986632830563        1.1492387630830081     
  0.300000012       1.3849704306121442        1.7605189457718708        1.4794124684513070        1.1693618418960443     
  0.312500000       1.3859660202488058        1.7713540178192149        1.4975550258113850        1.1868477468386480     
  0.324999988       1.3860976106998983        1.7803644536712595        1.5138024239350216        1.2019267719793281     
  0.337500006       1.3856241818390136        1.7877619020038640        1.5283093252144031        1.2148494510921235     
  0.349999994       1.3847542675783837        1.7937518107549568        1.5412136107982433        1.2258806074109463     
  0.362500012       1.3836510307761609        1.7985300560206163        1.5526388614016977        1.2352932461619928     
  0.375000000       1.3824383053971814        1.8022802694194540        1.5626969102472554        1.2433568384646112     
  0.387499988       1.3812071515559050        1.8051716925424270        1.5714888954998623        1.2503260504265903     
  0.400000006       1.3800222040360881        1.8073577129007248        1.5791063200256528        1.2564282795362385     
  0.412499994       1.3789275782806338        1.8089749110253699        1.5856312414121092        1.2618548274061607     
  0.425000012       1.3779519917153737        1.8101426471128770        1.5911365486535194        1.2667551373233177     
  0.437500000       1.3771130883907385        1.8109630150882954        1.5956857951220798        1.2712364170352592     
  0.449999988       1.3764208899955310        1.8115211221159810        1.5993331686202372        1.2753669205301026     
  0.462500006       1.3758804897823642        1.8118855343605524        1.6021232541529264        1.2791826024372870     
  0.474999994       1.3754940376407347        1.8121088243707013        1.6040909399303933        1.2826946318797918     
  0.487500012       1.3752621602575514        1.8122280919928657        1.6052612302469020        1.2858967886359425     
  0.500000000       1.3751848830871722        1.8122654072780722        1.6056491883514501        1.2887710809668647     
  0.512499988       1.3752621602575548        1.8122280919928671        1.6052598340797957        1.2912914823030730     
  0.524999976       1.3754940376407381        1.8121088243707051        1.6040881599776249        1.2934253887548877     
  0.537500024       1.3758804897823635        1.8118855343605591        1.6021191149709062        1.2951334762613678     
  0.550000012       1.3764208899955326        1.8115211221159895        1.5993277065359883        1.2963680377433258     
  0.562500000       1.3771130883907396        1.8109630150883016        1.5956790576309612        1.2970706582723996     
  0.574999988       1.3779519917153744        1.8101426471128783        1.5911285936461721        1.2971691500371270     
  0.587499976       1.3789275782806356        1.8089749110253697        1.5856221362265970        1.2965746929875310     
  0.600000024       1.3800222040360914        1.8073577129007248        1.5790961403747421        1.2951787474195693     
  0.612500012       1.3812071515559068        1.8051716925424290        1.5714777242561000        1.2928510140386564     
  0.625000000       1.3824383053971840        1.8022802694194555        1.5626848361674954        1.2894373992283692     
  0.637499988       1.3836510307761651        1.7985300560206199        1.5526259777423541        1.2847598481552571     
  0.649999976       1.3847542675783882        1.7937518107549593        1.5412000139519999        1.2786159030953921     
  0.662500024       1.3856241818390163        1.7877619020038649        1.5282951132558120        1.2707809104459293     
  0.675000012       1.3860976106999028        1.7803644536712611        1.5137876952888143        1.2610090168958148     
  0.687500000       1.3859660202488135        1.7713540178192162        1.4975398778107154        1.2490378721283124     
  0.699999988       1.3849704306121502        1.7605189457718731        1.4793969961496805        1.2345905031536519     
  0.712499976       1.3827983872812306        1.7476451186085313        1.4591829580695275        1.2173826706639661     
  0.725000024       1.3790834279297763        1.7325202464354135        1.4366963894053399        1.1971247460773153     
  0.737500012       1.3734082595670516        1.7149381458971524        1.4117043918983136        1.1735319586188693     
  0.750000000       1.3653116029263197        1.6947033165004199        1.3839393516387821        1.1463247581589444     
  0.762499988       1.3542996887537444        1.6716348468404019        1.3530941136825669        1.1152423479526039     
  0.774999976       1.3398612492566448        1.6455701236054903        1.3188247648364309        1.0800394510486808     
  0.787500024       1.3214865297832952        1.6163666200488365        1.2807531085655217        1.0405048987789185     
  0.800000012       1.2986875961870563        1.5839021630620735        1.2384830102544147       0.99645394441640522     
  0.812500000       1.2710203107152001        1.5480701840565094        1.1916155936289756       0.94775859077885849     
  0.824999988       1.2381036498375062        1.5087694916065377        1.1397837150254193       0.89434004525699473     
  0.837499976       1.1996376438858614        1.4658814832982532        1.0826779041748471       0.83622543922022541     
  0.850000024       1.1554141733064265        1.4192327645350140        1.0200954092731735       0.77354798649070911     
  0.862500012       1.1053240550363854        1.3685315168271650       0.95196736448514141       0.70664212670631865     
  0.875000000       1.0493516781460754        1.3132768358738318       0.87841893949552685       0.63604199982632914     
  0.887499988      0.98756038499670462        1.2526293968021440       0.79978831106164361       0.56262208263793001     
  0.899999976      0.92004579400863051        1.1852561595332451       0.71669094111196718       0.48760220735699561     
  0.912500024      0.84684362793411661        1.1091518338809740       0.63001937513583994       0.41274806910474110     
  0.925000012      0.76772880398948884        1.0214851345214164       0.54103607258404884       0.34009900952365590     
  0.937500000      0.68186710091616443       0.91850093132582855       0.45118900804414180       0.27168921039716631     
  0.949999988      0.58724944855076877       0.79556919758031031       0.36135159902810177       0.20986733727214124     
  0.962499976      0.47997422884850294       0.64741286003876641       0.27024818175164789       0.15960030409904891     
  0.975000024      0.35349314294977496       0.46859885517017180       0.17569517741005336       0.12380149526626669     
  0.987500012      0.19815543967637878       0.25423994048158877        8.1789173900831000E-002   8.3232446733353324E-002
   1.00000000       1.2627497172976133E-003   9.0909913937211109E-004  -2.3273886577306551E-004   6.6512961535805497E-004
