   0.00000000       2.0999506288129141E-005  -3.4688094870950672E-018  -0.0000000000000000     
   1.66666675E-02   2.9610471172609480E-003   1.2418251590529489E-010   2.9499999254767313E-003
   3.33333351E-02   5.8011195023810851E-003   2.2707993116562012E-010   5.7999998534796751E-003
   5.00000007E-02   8.5412440213092303E-003   3.1267892771088482E-010   8.5499997840088309E-003
   6.66666701E-02   1.1181447896256682E-002   3.8529505836092969E-010   1.1199999717064200E-002
   8.33333358E-02   1.3721758133059498E-002   4.4922684061224093E-010   1.3749999652645780E-002
  0.100000001       1.6162201447318631E-002   5.0848504033910559E-010   1.6199999590753574E-002
  0.116666667       1.8502804190289289E-002   5.6655406279535944E-010   1.8549999531387581E-002
  0.133333340       2.0743592276117131E-002   6.2620359625917471E-010   2.0799999474547800E-002
  0.150000006       2.2884591110276839E-002   6.8935106679923415E-010   2.2949999420234232E-002
  0.166666672       2.4925825519491684E-002   7.5697821340656633E-010   2.4999999368446876E-002
  0.183333337       2.6867319683292704E-002   8.2909958426684508E-010   2.6949999319185729E-002
  0.200000003       2.8709097067396491E-002   9.0478536846456665E-010   2.8799999272450798E-002
  0.216666669       3.0451180359062614E-002   9.8223124046227358E-010   3.0549999228242079E-002
  0.233333334       3.2093591404586529E-002   1.0588748565986180E-009   3.2199999186559573E-002
  0.250000000       3.3636351149076621E-002   1.1315497314774758E-009   3.3749999147403280E-002
  0.266666681       3.5079479578659624E-002   1.1966713083778829E-009   3.5199999110773199E-002
  0.283333331       3.6422995665253519E-002   1.2504445120010522E-009   3.6549999076669330E-002
  0.300000012       3.7666917314043716E-002   1.2890846630714225E-009   3.7799999045091674E-002
  0.316666663       3.8811261313798313E-002   1.3090396278337361E-009   3.8949999016040231E-002
  0.333333343       3.9856043290153659E-002   1.3072031428986296E-009   3.9999998989515000E-002
  0.349999994       4.0801277662002623E-002   1.2811077955204237E-009   4.0949998965515981E-002
  0.366666675       4.1646977601116457E-002   1.2290896879829573E-009   4.1799998944043175E-002
  0.383333325       4.2393154995128489E-002   1.1504128707329260E-009   4.2549998925096581E-002
  0.400000006       4.3039820414005045E-002   1.0453502072660593E-009   4.3199998908676200E-002
  0.416666657       4.3586983080126047E-002   9.1521267862915548E-010   4.3749998894782031E-002
  0.433333337       4.4034650842088817E-002   7.6232802942851488E-010   4.4199998883414075E-002
  0.449999988       4.4382830152342380E-002   5.8996603579817873E-010   4.4549998874572332E-002
  0.466666669       4.4631526048747316E-002   4.0221733294698911E-010   4.4799998868256800E-002
  0.483333319       4.4780742140143902E-002   2.0382754362683283E-010   4.4949998864467482E-002
  0.500000000       4.4830480595993483E-002  -1.1100190350357582E-016   4.4999998863204375E-002
  0.516666651       4.4780742140143923E-002  -2.0382770319206915E-010   4.4949998864467482E-002
  0.533333361       4.4631526048747379E-002  -4.0221743701127361E-010   4.4799998868256800E-002
  0.550000012       4.4382830152342442E-002  -5.8996621617627190E-010   4.4549998874572332E-002
  0.566666663       4.4034650842088914E-002  -7.6232805717899051E-010   4.4199998883414075E-002
  0.583333313       4.3586983080126249E-002  -9.1521259537772765E-010   4.3749998894782031E-002
  0.600000024       4.3039820414005239E-002  -1.0453500268879656E-009   4.3199998908676200E-002
  0.616666675       4.2393154995128572E-002  -1.1504127527934034E-009   4.2549998925096581E-002
  0.633333325       4.1646977601116512E-002  -1.2290895977939102E-009   4.1799998944043175E-002
  0.649999976       4.0801277662002616E-002  -1.2811077885828043E-009   4.0949998965515981E-002
  0.666666687       3.9856043290153582E-002  -1.3072030700536301E-009   3.9999998989515000E-002
  0.683333337       3.8811261313798327E-002  -1.3090395549887369E-009   3.8949999016040231E-002
  0.699999988       3.7666917314043709E-002  -1.2890846110392800E-009   3.7799999045091674E-002
  0.716666639       3.6422995665253498E-002  -1.2504444218120058E-009   3.6549999076669330E-002
  0.733333349       3.5079479578659624E-002  -1.1966712563457406E-009   3.5199999110773199E-002
  0.750000000       3.3636351149076586E-002  -1.1315497453527140E-009   3.3749999147403280E-002
  0.766666651       3.2093591404586515E-002  -1.0588748461921894E-009   3.2199999186559573E-002
  0.783333361       3.0451180359062476E-002  -9.8223130290084427E-010   3.0549999228242079E-002
  0.800000012       2.8709097067396272E-002  -9.0478542396551844E-010   2.8799999272450798E-002
  0.816666663       2.6867319683292507E-002  -8.2909952876589320E-010   2.6949999319185729E-002
  0.833333313       2.4925825519491580E-002  -7.5697811627990089E-010   2.4999999368446876E-002
  0.850000024       2.2884591110276735E-002  -6.8935096273494969E-010   2.2949999420234232E-002
  0.866666675       2.0743592276116957E-002  -6.2620344710036689E-010   2.0799999474547800E-002
  0.883333325       1.8502804190289122E-002  -5.6655403504488391E-010   1.8549999531387581E-002
  0.899999976       1.6162201447318461E-002  -5.0848498830696362E-010   1.6199999590753574E-002
  0.916666687       1.3721758133059337E-002  -4.4922672614152817E-010   1.3749999652645780E-002
  0.933333337       1.1181447896256478E-002  -3.8529501326640674E-010   1.1199999717064200E-002
  0.949999988       8.5412440213090152E-003  -3.1267891383564715E-010   8.5499997840088309E-003
  0.966666639       5.8011195023808752E-003  -2.2707987913347799E-010   5.7999998534796751E-003
  0.983333349       2.9610471172607841E-003  -1.2418250549886652E-010   2.9499999254767313E-003
   1.00000000       2.0999506288032037E-005   0.0000000000000000       -0.0000000000000000     
