   0.00000000       0.0000000000000000        0.0000000000000000        0.0000000000000000     
   1.66666675E-02   1.6666670042312934E-003   2.0312527295999752E-011   1.6666666666666668E-003
   3.33333351E-02   3.3333339901631307E-003   3.7945640969675759E-011   3.3333333333333335E-003
   5.00000007E-02   5.0000009580527596E-003   5.2993536256797913E-011   5.0000000000000010E-003
   6.66666701E-02   6.6666679081844758E-003   6.5555146249094139E-011   6.6666666666666671E-003
   8.33333358E-02   8.3333348408677985E-003   7.5733583479309690E-011   8.3333333333333332E-003
  0.100000001       1.0000001756435806E-002   8.3636077489723000E-011   1.0000000000000002E-002
  0.116666667       1.1666668655243235E-002   8.9373586369578300E-011   1.1666666666666667E-002
  0.133333340       1.3333335537665164E-002   9.3060349329449922E-011   1.3333333333333334E-002
  0.150000006       1.5000002404095041E-002   9.4813515580753659E-011   1.5000000000000001E-002
  0.166666672       1.6666669254942975E-002   9.4752676099616420E-011   1.6666666666666666E-002
  0.183333337       1.8333336090634304E-002   9.2999561874703315E-011   1.8333333333333333E-002
  0.200000003       2.0000002911607730E-002   8.9677221892677445E-011   2.0000000000000004E-002
  0.216666669       2.1666669718313745E-002   8.4909832375332053E-011   2.1666666666666667E-002
  0.233333334       2.3333336511212756E-002   7.8821805396734621E-011   2.3333333333333334E-002
  0.250000000       2.5000003290773502E-002   7.1537202720959952E-011   2.5000000000000001E-002
  0.266666681       2.6666670057471031E-002   6.3179805170405648E-011   2.6666666666666668E-002
  0.283333331       2.8333336811785147E-002   5.3871371481069859E-011   2.8333333333333335E-002
  0.300000012       3.0000003554198056E-002   4.3732467253923022E-011   3.0000000000000002E-002
  0.316666663       3.1666670285192967E-002   3.2880990878200567E-011   3.1666666666666669E-002
  0.333333343       3.3333337005251540E-002   2.1432180468234448E-011   3.3333333333333333E-002
  0.349999994       3.5000003714852422E-002   9.4983467954378275E-012   3.5000000000000003E-002
  0.366666675       3.6666670414468860E-002  -2.8116226951518210E-012   3.6666666666666667E-002
  0.383333325       3.8333337104566712E-002  -1.5392406089919874E-011   3.8333333333333337E-002
  0.400000006       4.0000003785602541E-002  -2.8142593848252861E-011   4.0000000000000008E-002
  0.416666657       4.1666670458021124E-002  -4.0964341960960486E-011   4.1666666666666664E-002
  0.433333337       4.3333337122253797E-002  -5.3763517623738667E-011   4.3333333333333335E-002
  0.449999988       4.5000003778716026E-002  -6.6450053015579209E-011   4.5000000000000005E-002
  0.466666669       4.6666670427805507E-002  -7.8937404225908287E-011   4.6666666666666669E-002
  0.483333319       4.8333337069899680E-002  -9.1142710801712260E-011   4.8333333333333339E-002
  0.500000000       5.0000003705354089E-002  -1.0298613674853960E-010   5.0000000000000003E-002
  0.516666651       5.1666670334499752E-002  -1.1439142547702573E-010   5.1666666666666666E-002
  0.533333361       5.3333336957641302E-002  -1.2528494945696920E-010   5.3333333333333337E-002
  0.550000012       5.5000003575054954E-002  -1.3559607786940444E-010   5.5000000000000007E-002
  0.566666663       5.6666670186986103E-002  -1.4525630950265662E-010   5.6666666666666671E-002
  0.583333313       5.8333336793647286E-002  -1.5419975833055086E-010   5.8333333333333334E-002
  0.600000024       6.0000003395216252E-002  -1.6236239739777198E-010   6.0000000000000005E-002
  0.616666675       6.1666669991833636E-002  -1.6968219061966425E-010   6.1666666666666668E-002
  0.633333325       6.3333336583601324E-002  -1.7609859333035864E-010   6.3333333333333339E-002
  0.649999976       6.5000003170579884E-002  -1.8155313497662423E-010   6.5000000000000002E-002
  0.666666687       6.6666669752787136E-002  -1.8598851732976469E-010   6.6666666666666666E-002
  0.683333337       6.8333336330196448E-002  -1.8934932204243804E-010   6.8333333333333343E-002
  0.699999988       7.0000002902734559E-002  -1.9158153894410967E-010   7.0000000000000007E-002
  0.716666639       7.1666669470280331E-002  -1.9263346089232413E-010   7.1666666666666670E-002
  0.733333349       7.3333336032663538E-002  -1.9245476811093881E-010   7.3333333333333334E-002
  0.750000000       7.5000002589663578E-002  -1.9099814447187736E-010   7.4999999999999997E-002
  0.766666651       7.6666669141008795E-002  -1.8821868092761576E-010   7.6666666666666675E-002
  0.783333361       7.8333335686375932E-002  -1.8407512414086281E-010   7.8333333333333338E-002
  0.800000012       8.0000002225390179E-002  -1.7852996666337052E-010   8.0000000000000016E-002
  0.816666663       8.1666668757625765E-002  -1.7155093835471974E-010   8.1666666666666679E-002
  0.833333313       8.3333335282606696E-002  -1.6311120755043516E-010   8.3333333333333329E-002
  0.850000024       8.5000001799809127E-002  -1.5319154535343266E-010   8.5000000000000006E-002
  0.866666675       8.6666668308663736E-002  -1.4178075571757588E-010   8.6666666666666670E-002
  0.883333325       8.8333334808559455E-002  -1.2887831144366960E-010   8.8333333333333347E-002
  0.899999976       9.0000001298848525E-002  -1.1449520740974181E-010   9.0000000000000011E-002
  0.916666687       9.1666667778853045E-002  -9.8657734207413260E-011   9.1666666666666660E-002
  0.933333337       9.3333334247873170E-002  -8.1409191539293220E-011   9.3333333333333338E-002
  0.949999988       9.5000000705197304E-002  -6.2814071128411252E-011   9.5000000000000001E-002
  0.966666639       9.6666667150115293E-002  -4.2961851165081613E-011   9.6666666666666679E-002
  0.983333349       9.8333333581934593E-002  -2.1971935330975431E-011   9.8333333333333342E-002
   1.00000000      0.10000000000000001        0.0000000000000000       0.10000000000000001     
