   0.00000000      -2.5432467298099699E-004   0.0000000000000000     
   9.99999978E-03  -7.1340527154930208E-003   1.2739571295873205E-007
   1.99999996E-02  -1.3691859880078946E-002   1.1647761910528229E-006
   2.99999993E-02  -1.9970866632490501E-002   2.8080490286761644E-006
   3.99999991E-02  -2.5994311492012968E-002   4.8420292817749074E-006
   5.00000007E-02  -3.1786094789441326E-002   7.1138359149567432E-006
   5.99999987E-02  -3.7368019814227146E-002   9.5324983120490792E-006
   7.00000003E-02  -4.2760314384918403E-002   1.2065268883931202E-005
   7.99999982E-02  -4.7981679334583548E-002   1.4734914543388500E-005
   9.00000036E-02  -5.3049394147254604E-002   1.7617315180570856E-005
  0.100000001      -5.7979405147812142E-002   2.0839421935961720E-005
  0.109999999      -6.2786407066393934E-002   2.4577521662763502E-005
  0.119999997      -6.7483916754883050E-002   2.9055769330813294E-005
  0.129999995      -7.2084339545845380E-002   3.4544947763806157E-005
  0.140000001      -7.6599028510411907E-002   4.1361414262080551E-005
  0.150000006      -8.1038336909086309E-002   4.9866193118415302E-005
  0.159999996      -8.5411664124903863E-002   6.0464173004316631E-005
  0.170000002      -8.9727495366698717E-002   7.3603367387211764E-005
  0.180000007      -9.3993435425343094E-002   8.9774195858062920E-005
  0.189999998      -9.8216236758864706E-002   1.0950874338974707E-004
  0.200000003     -0.10240182217394023        1.3337995382141249E-004
  0.209999993     -0.10655530236108647        1.6200071301284818E-004
  0.219999999     -0.11068098853005040        1.9602277607033564E-004
  0.230000004     -0.11478240038021853        2.3613549203395525E-004
  0.239999995     -0.11886226962880361        2.8306427823668990E-004
  0.250000000     -0.12292253930761252        3.3756879553701908E-004
  0.259999990     -0.12696435902744921        4.0044077421710439E-004
  0.270000011     -0.13098807639807572        4.7250143953532568E-004
  0.280000001     -0.13499322478119766        5.5459848464677736E-004
  0.289999992     -0.13897850754498137        6.4760253783948383E-004
  0.300000012     -0.14294177898048480        7.5240307043613155E-004
  0.310000002     -0.14688002203430117        8.6990369127750735E-004
  0.319999993     -0.15078932300715453        1.0010167738494324E-003
  0.330000013     -0.15466484336579928        1.1466573626333781E-003
  0.340000004     -0.15850078881524068        1.3077363065348245E-003
  0.349999994     -0.16229037578061631        1.4851525692523950E-003
  0.360000014     -0.16602579545274188        1.6797846693223175E-003
  0.370000005     -0.16969817555898875        1.8924812068236976E-003
  0.379999995     -0.17329754003172582        2.1240504388156619E-003
  0.389999986     -0.17681276676018298        2.3752488727831595E-003
  0.400000006     -0.18023154362893479        2.6467688558138641E-003
  0.409999996     -0.18354032306640899        2.9392251479219635E-003
  0.419999987     -0.18672427535164809        3.2531404808293627E-003
  0.430000007     -0.18976724095528422        3.5889301188701170E-003
  0.439999998     -0.19265168222335075        3.9468854569335715E-003
  0.449999988     -0.19535863474886622        4.3271567114414478E-003
  0.460000008     -0.19786765881697665        4.7297347851254258E-003
  0.469999999     -0.20015679135514283        5.1544324142052851E-003
  0.479999989     -0.20220249886954675        5.6008647387606313E-003
  0.490000010     -0.20397963190407448        6.0684294727171495E-003
  0.500000000     -0.20546138161760402        6.5562868898479338E-003
  0.509999990     -0.20661923914002386        7.0633398862609813E-003
  0.519999981     -0.20742295843649222        7.5882144278572412E-003
  0.529999971     -0.20784052348370444        8.1292407429348120E-003
  0.540000021     -0.20783812064042270        8.6844356755376266E-003
  0.550000012     -0.20738011717755364        9.2514866730420680E-003
  0.560000002     -0.20642904702000395        9.8277379414670636E-003
  0.569999993     -0.20494560484316465        1.0410179362995431E-002
  0.579999983     -0.20288864976017384        1.0995438830137804E-002
  0.589999974     -0.20021521993188707        1.1579778708928332E-002
  0.600000024     -0.19688055952811459        1.2159097196372974E-002
  0.610000014     -0.19283815956556055        1.2728935382891115E-002
  0.620000005     -0.18803981424286764        1.3284490865316906E-002
  0.629999995     -0.18243569448526542        1.3820638776269134E-002
  0.639999986     -0.17597444049711300        1.4331961097409840E-002
  0.649999976     -0.16860327519886870        1.4812785102227274E-002
  0.660000026     -0.16026814049097715        1.5257231723482855E-002
  0.670000017     -0.15091385833851212        1.5659274555885835E-002
  0.680000007     -0.14048431870091788        1.6012810079830974E-002
  0.689999998     -0.12892269633721953        1.6311739521704557E-002
  0.699999988     -0.11617169849059888        1.6550062544581200E-002
  0.709999979     -0.10217384539111110        1.6721982684981811E-002
  0.720000029      -8.6871785402301283E-002   1.6822024112833008E-002
  0.730000019      -7.0208646467265101E-002   1.6845158889904299E-002
  0.740000010      -5.2128425270856843E-002   1.6786943435936487E-002
  0.750000000      -3.2576415215884863E-002   1.6643662383304208E-002
  0.759999990      -1.1499673898071314E-002   1.6412477414603933E-002
  0.769999981       1.1152469755340589E-002   1.6091578041858696E-002
  0.779999971       3.5427869161270505E-002   1.5680330613446286E-002
  0.790000021       6.1370975826518306E-002   1.5179421142946447E-002
  0.800000012       8.9022219347077741E-002   1.4590986865584814E-002
  0.810000002      0.11841735493215622        1.3918730770442445E-002
  0.819999993      0.14958678297932723        1.3168012763491027E-002
  0.829999983      0.18255484665317293        1.2345910624963373E-002
  0.839999974      0.21733911501192529        1.1461243577004867E-002
  0.850000024      0.25394966097275862        1.0524551115989846E-002
  0.860000014      0.29238834528308910        9.5480198338400175E-003
  0.870000005      0.33264811963784185        8.5453512949854767E-003
  0.879999995      0.37471236410168046        7.5315646867338635E-003
  0.889999986      0.41855427599783873        6.5227289490854788E-003
  0.899999976      0.46413632933378052        5.5356204312390434E-003
  0.910000026      0.51140982555433179        4.5873038165047120E-003
  0.920000017      0.56031455786405127        3.6946360869471607E-003
  0.930000007      0.61077861225358887        2.8736956259196940E-003
  0.939999998      0.66271833007660230        2.1391411061628418E-003
  0.949999988      0.71603844715430387        1.5035076176918749E-003
  0.959999979      0.77063250278291551        9.7644942660801953E-004
  0.970000029      0.82638297539090211        5.6394810213350141E-004
  0.980000019      0.88316564072020398        2.6745473000471751E-004
  0.990000010      0.94082294548647061        8.3339593981849732E-005
   1.00000000      0.99938158455187887        1.3837671413709579E-016
