   0.00000000       0.0000000000000000        6.1220257380643591E-004
   9.99999978E-03  -4.2116688285929262E-004   1.7518058984704522E-002
   1.99999996E-02  -1.5725131460209959E-003   3.3707543994985927E-002
   2.99999993E-02  -3.4060561977526855E-003   4.9120172514457841E-002
   3.99999991E-02  -5.8725028600207282E-003   6.3727464728788694E-002
   5.00000007E-02  -8.9220290966650004E-003   7.7502451360731348E-002
   5.99999987E-02  -1.2504598806230274E-002   9.0424014222932281E-002
   7.00000003E-02  -1.6570323011772144E-002  0.10247610908545206     
   7.99999982E-02  -2.1069800435574552E-002  0.11364767997104516     
   9.00000036E-02  -2.5954437841872312E-002  0.12393242787210589     
  0.100000001      -3.1176746023286413E-002  0.13332856033248866     
  0.109999999      -3.6690607727694634E-002  0.14183850976023835     
  0.119999997      -4.2451514891319375E-002  0.14946862867437455     
  0.129999995      -4.8416773354835983E-002  0.15622886732411301     
  0.140000001      -5.4545674085096238E-002  0.16213243947736089     
  0.150000006      -6.0799630703438183E-002  0.16719548191381736     
  0.159999996      -6.7142283828033014E-002  0.17143671283786596     
  0.170000002      -7.3539573355114116E-002  0.17487709399835716     
  0.180000007      -7.9959780323756377E-002  0.17753950080110092     
  0.189999998      -8.6373540427269482E-002  0.17944840415098126     
  0.200000003      -9.2753831551161514E-002  0.18062956718592554     
  0.209999993      -9.9075937937673331E-002  0.18110975948677902     
  0.219999999     -0.10531739370740319       0.18091649078163693     
  0.230000004     -0.11145790851761775       0.18007776562645073     
  0.239999995     -0.11747927811664678       0.17862186004558420     
  0.250000000     -0.12336528247448020       0.17657712066501968     
  0.259999990     -0.12910157404306474       0.17397178647263922     
  0.270000011     -0.13467555853716540       0.17083383299559834     
  0.280000001     -0.14007627043810705       0.16719083839618570     
  0.289999992     -0.14529424521754888       0.16306987075189608     
  0.300000012     -0.15032139006545353       0.15849739560057918     
  0.310000002     -0.15515085469199213       0.15349920269352743     
  0.319999993     -0.15977690356355304       0.14810035080289949     
  0.330000013     -0.16419479073301263       0.14232512937138692     
  0.340000004     -0.16840063823719734       0.13619703576471248     
  0.349999994     -0.17239131886296716       0.12973876688736660     
  0.360000014     -0.17616434392926753       0.12297222394383270     
  0.370000005     -0.17971775659656022       0.11591852916652270     
  0.379999995     -0.18305003109789864       0.10859805338312400     
  0.389999986     -0.18615997818743901       0.10103045335745042     
  0.400000006     -0.18904665702151549        9.3234717903812062E-002
  0.409999996     -0.19170929362399691        8.5229221843833719E-002
  0.419999987     -0.19414720604053373        7.7031786943161068E-002
  0.430000007     -0.19635973625380332        6.8659749031184020E-002
  0.439999998     -0.19834618891307465        6.0130030568079765E-002
  0.449999988     -0.20010577692486842        5.1459217978274165E-002
  0.460000008     -0.20163757395542145        4.2663643116276816E-002
  0.469999999     -0.20294047390909078        3.3759468268705607E-002
  0.479999989     -0.20401315746799184        2.4762774123995183E-002
  0.490000010     -0.20485406580538498        1.5689650158158954E-002
  0.500000000     -0.20546138161760402        6.5562868898479338E-003
  0.509999990     -0.20583301765456688       -2.6209305489351266E-003
  0.519999981     -0.20596661296581997       -1.1825328100138159E-002
  0.529999971     -0.20585953711579649       -2.1039848331145986E-002
  0.540000021     -0.20550890265685198       -3.0246956502374262E-002
  0.550000012     -0.20491158617970989       -3.9428547861358507E-002
  0.560000002     -0.20406425828623842       -4.8565856944915511E-002
  0.569999993     -0.20296342284669328       -5.7639369753837488E-002
  0.579999983     -0.20160546591084116       -6.6628739758866323E-002
  0.589999974     -0.19998671463666068       -7.5512708800236847E-002
  0.600000024     -0.19810350657964446       -8.4269034055218031E-002
  0.610000014     -0.19595226964728932       -9.2874422365375645E-002
  0.620000005     -0.19352961296439852      -0.10130447333603615     
  0.629999995     -0.19083242881292423      -0.10953363274036382     
  0.639999986     -0.18785800570276692      -0.11753515787597521     
  0.649999976     -0.18460415249484477      -0.12528109662786585     
  0.660000026     -0.18106933333320205      -0.13274228208226807     
  0.670000017     -0.17725281294766032      -0.13988834460547175     
  0.680000007     -0.17315481166180011      -0.14668774334243614     
  0.689999998     -0.16877666918362988      -0.15310781909481971     
  0.699999988     -0.16412101596935100      -0.15911487049873121     
  0.709999979     -0.15919195063780370      -0.16467425533064836     
  0.720000029     -0.15399522157801970      -0.16975051861759355     
  0.730000019     -0.14853841054260167      -0.17430754900717071     
  0.740000010     -0.14283111566253584      -0.17830876455704978     
  0.750000000     -0.13688513096550675      -0.18171732872759264     
  0.759999990     -0.13071461914250462      -0.18449639690097991     
  0.769999981     -0.12433627400016921      -0.18660939320560219     
  0.779999971     -0.11776946877542387      -0.18802031679760411     
  0.790000021     -0.11103638629170888      -0.18869407604871541     
  0.800000012     -0.10416212682005727      -0.18859684832168661     
  0.810000002      -9.7174789491638547E-002 -0.18769646219730102     
  0.819999993      -9.0105523207438531E-002 -0.18596279816983632     
  0.829999983      -8.2988543220263167E-002 -0.18336820297782366     
  0.839999974      -7.5861109935572699E-002 -0.17988791191181189     
  0.850000024      -6.8763466997132552E-002 -0.17550047267649199     
  0.860000014      -6.1738736392582760E-002 -0.17018816371590700     
  0.870000005      -5.4832769126647536E-002 -0.16393739937629553     
  0.879999995      -4.8093950953136615E-002 -0.15673911391826245     
  0.889999986      -4.1572963709322432E-002 -0.14858911623331691     
  0.899999976      -3.5322503929326038E-002 -0.13948840719932507     
  0.910000026      -2.9396961590166162E-002 -0.12944345194645740     
  0.920000017      -2.3852063021406252E-002 -0.11846639992149344     
  0.930000007      -1.8744483145855292E-002 -0.10657524647482733     
  0.939999998      -1.4131433227787218E-002  -9.3793931195638808E-002
  0.949999988      -1.0070231357481804E-002  -8.0152366973275116E-002
  0.959999979      -6.6178626517566733E-003  -6.5686415010075203E-002
  0.970000029      -3.8305421431091224E-003  -5.0437676049586433E-002
  0.980000019      -1.7632611977118236E-003  -3.4454065219693845E-002
  0.990000010      -4.6949190861143961E-004  -1.7783962066992044E-002
   1.00000000       0.0000000000000000       -5.1777349289913461E-004
