   0.00000000      -4.3898412919173347E-005   0.0000000000000000     
   9.99999978E-03  -4.0817719248924252E-002   1.8527788281737858E-004
   1.99999996E-02  -7.7913988224660669E-002   4.6806411656839895E-004
   2.99999993E-02 -0.11186889023969600        5.6384034408694060E-004
   3.99999991E-02 -0.14323758783959109        3.2405516182213562E-004
   5.00000007E-02 -0.17272284963308301       -2.5582770752925608E-004
   5.99999987E-02 -0.20092826649921389       -1.0835927263471521E-003
   7.00000003E-02 -0.22832976809384778       -2.0106835148326371E-003
   7.99999982E-02 -0.25507730449883759       -2.8874712381516177E-003
   9.00000036E-02 -0.28105256344333535       -3.5883111182043472E-003
  0.100000001     -0.30584041048090010       -4.0319976849453806E-003
  0.109999999     -0.32888169579495952       -4.1780930604026212E-003
  0.119999997     -0.34952511754788479       -4.0232665242995120E-003
  0.129999995     -0.36716914824348229       -3.5881119125632235E-003
  0.140000001     -0.38129716340620057       -2.9136281359283980E-003
  0.150000006     -0.39156803903463061       -2.0538132093867695E-003
  0.159999996     -0.39782198280532188       -1.0705282400144283E-003
  0.170000002     -0.40011612049757012       -2.5255016816448507E-005
  0.180000007     -0.39869078693503840        1.0228972907481543E-003
  0.189999998     -0.39395837466367273        2.0234543499015037E-003
  0.200000003     -0.38644079883775617        2.9403445001978164E-003
  0.209999993     -0.37672643987010790        3.7536247046502393E-003
  0.219999999     -0.36540543358936961        4.4550900266400019E-003
  0.230000004     -0.35303518530956812        5.0497491951956392E-003
  0.239999995     -0.34009614899868129        5.5558350992987206E-003
  0.250000000     -0.32697729142083892        5.9968390131214288E-003
  0.259999990     -0.31396602072188057        6.3951305559987589E-003
  0.270000011     -0.30125737566983318        6.7763437895002627E-003
  0.280000001     -0.28895928481534078        7.1670893457421621E-003
  0.289999992     -0.27711338280990638        7.5844633525411886E-003
  0.300000012     -0.26571215597308340        8.0386473823524842E-003
  0.310000002     -0.25471475145804084        8.5428656749160399E-003
  0.319999993     -0.24406010388245089        9.1053800771455570E-003
  0.330000013     -0.23368190703456901        9.7213885087194477E-003
  0.340000004     -0.22351438617210043        1.0387831518456609E-002
  0.349999994     -0.21349553944391880        1.1109069939924016E-002
  0.360000014     -0.20357570753684420        1.1878914805935122E-002
  0.370000005     -0.19371506963190199        1.2683026673713781E-002
  0.379999995     -0.18388026022464457        1.3521437399930244E-002
  0.389999986     -0.17404779618455288        1.4397230633838893E-002
  0.400000006     -0.16420845102775597        1.5296097007026156E-002
  0.409999996     -0.15434908318312721        1.6208126584984356E-002
  0.419999987     -0.14446050282623946        1.7143676725123281E-002
  0.430000007     -0.13454612208828967        1.8100733418217024E-002
  0.439999998     -0.12461088691193824        1.9061167414253604E-002
  0.449999988     -0.11464078962822796        2.0028219105233211E-002
  0.460000008     -0.10464070430491756        2.1016459335312855E-002
  0.469999999      -9.4624442217299889E-002   2.2011863115163129E-002
  0.479999989      -8.4583970202571176E-002   2.3001089823550539E-002
  0.490000010      -7.4499683970107283E-002   2.4001241318729414E-002
  0.500000000      -6.4397364983751787E-002   2.5018013540092348E-002
  0.509999990      -5.4279131694715183E-002   2.6027283252166411E-002
  0.519999981      -4.4113158239467626E-002   2.7030671099623569E-002
  0.529999971      -3.3897589085055968E-002   2.8048877628208090E-002
  0.540000021      -2.3675367570459165E-002   2.9070504683482250E-002
  0.550000012      -1.3406135891337023E-002   3.0073858249603264E-002
  0.560000002      -3.0583443703467287E-003   3.1076331857264591E-002
  0.569999993       7.3284043508808948E-003   3.2087084452113925E-002
  0.579999983       1.7733250597574125E-002   3.3083961339519609E-002
  0.589999974       2.8245747875209434E-002   3.4058585035445066E-002
  0.600000024       3.8841739488429256E-002   3.5031776571926965E-002
  0.610000014       4.9466023608939945E-002   3.5996397153144531E-002
  0.620000005       6.0167162660140272E-002   3.6935009535744155E-002
  0.629999995       7.1030111229562737E-002   3.7847428037334693E-002
  0.639999986       8.1948669569204491E-002   3.8746793080154260E-002
  0.649999976       9.2935988667384839E-002   3.9621767502090087E-002
  0.660000026      0.10408864766378458        4.0463820075217219E-002
  0.670000017      0.11541297571489796        4.1265045996785155E-002
  0.680000007      0.12678553465718126        4.2040429921035245E-002
  0.689999998      0.13834003732691308        4.2784112613203334E-002
  0.699999988      0.15011211495292970        4.3479716025840449E-002
  0.709999979      0.16204481658748277        4.4112343479674590E-002
  0.720000029      0.17409165371687096        4.4720591020607874E-002
  0.730000019      0.18643334113321788        4.5283769555694894E-002
  0.740000010      0.19896373559162317        4.5767359102682696E-002
  0.750000000      0.21167825516024283        4.6177177772312297E-002
  0.759999990      0.22457472533286185        4.6568582346588658E-002
  0.769999981      0.23775614569065798        4.6869848421899202E-002
  0.779999971      0.25101832908321497        4.7060181663630414E-002
  0.790000021      0.26446382657133921        4.7177060715610009E-002
  0.800000012      0.27796751215113757        4.7247118537637731E-002
  0.810000002      0.29155234557780557        4.7152045206561306E-002
  0.819999993      0.30497725465711573        4.6933132309689270E-002
  0.829999983      0.31836379022227596        4.6611764993329273E-002
  0.839999974      0.33136160811451837        4.6166701675159037E-002
  0.850000024      0.34403838919607188        4.5485578805496578E-002
  0.860000014      0.35605713145781720        4.4672198981460458E-002
  0.870000005      0.36751098235019347        4.3670347495422639E-002
  0.879999995      0.37790324597880709        4.2463347437939274E-002
  0.889999986      0.38751383546408841        4.0961339474482654E-002
  0.899999976      0.39599841889047860        3.9264188716342907E-002
  0.910000026      0.40406439151320450        3.7175854546558883E-002
  0.920000017      0.41228892179319115        3.4654483655153195E-002
  0.930000007      0.42352477041410641        3.1434704801839228E-002
  0.939999998      0.44134950391722172        2.7451241880331420E-002
  0.949999988      0.47285259208935898        2.2379712907264312E-002
  0.959999979      0.52545934403195205        1.6507963927281662E-002
  0.970000029      0.60732687813186548        1.0200640082406206E-002
  0.980000019      0.71996552953613868        4.6933061719331703E-003
  0.990000010      0.85718168510314996        9.7629482083194208E-004
   1.00000000       1.0001777175145816        0.0000000000000000     
