   0.00000000       0.0000000000000000        1.3180487519413170E-004
   9.99999978E-03   3.6292830987140517E-004   7.4989049928617366E-002
   1.99999996E-02   9.0859115381672329E-004  0.13767621559447674     
   2.99999993E-02   1.0479409950197413E-003  0.18883687754496453     
   3.99999991E-02   4.5293270514147366E-004  0.22964910891798654     
   5.00000007E-02  -9.6024416498738906E-004  0.26189879447895303     
   5.99999987E-02  -3.1083945872990640E-003  0.28755635881405806     
   7.00000003E-02  -5.7893855764049734E-003  0.30848131477876656     
   7.99999982E-02  -8.7789220856966613E-003  0.32607901560051955     
   9.00000036E-02  -1.1899512829352527E-002  0.34123925353866469     
  0.100000001      -1.5025713055291922E-002  0.35435978920611494     
  0.109999999      -1.8052271479042665E-002  0.36556198751031377     
  0.119999997      -2.0922274706744216E-002  0.37476885142583238     
  0.129999995      -2.3625061220610272E-002  0.38183203508355967     
  0.140000001      -2.6146626003939442E-002  0.38662171114106092     
  0.150000006      -2.8458619072894945E-002  0.38910512932698710     
  0.159999996      -3.0568496698491369E-002  0.38927637603709719     
  0.170000002      -3.2502321727325409E-002  0.38718397725909376     
  0.180000007      -3.4256297924215966E-002  0.38297677487772158     
  0.189999998      -3.5824230026286173E-002  0.37688001155734763     
  0.200000003      -3.7242962050166119E-002  0.36909546160131229     
  0.209999993      -3.8546077817469084E-002  0.35985467804068449     
  0.219999999      -3.9728769166369006E-002  0.34945971675834503     
  0.230000004      -4.0801306392876664E-002  0.33819514018877406     
  0.239999995      -4.1809962291568026E-002  0.32625777005208417     
  0.250000000      -4.2775073547322899E-002  0.31386044471469282     
  0.259999990      -4.3683597958767195E-002  0.30124382119776549     
  0.270000011      -4.4550820227236401E-002  0.28855567812846333     
  0.280000001      -4.5412240316023630E-002  0.27585557946903017     
  0.289999992      -4.6267796189608648E-002  0.26324785628253533     
  0.300000012      -4.7099734780715052E-002  0.25083567277377433     
  0.310000002      -4.7922692471960168E-002  0.23861136946642136     
  0.319999993      -4.8756873785365952E-002  0.22654112067430487     
  0.330000013      -4.9591849637525699E-002  0.21466620387120622     
  0.340000004      -5.0412744400002991E-002  0.20299751427641435     
  0.349999994      -5.1232701655167946E-002  0.19146171311635499     
  0.360000014      -5.2063757333129200E-002  0.18002505563119017     
  0.370000005      -5.2895519922582214E-002  0.16871709885960737     
  0.379999995      -5.3716960500197336E-002  0.15751110702742979     
  0.389999986      -5.4542010352007633E-002  0.14634279274818981     
  0.400000006      -5.5381618209820495E-002  0.13521403585242014     
  0.409999996      -5.6225228654523535E-002  0.12414825435719749     
  0.419999987      -5.7064506375702734E-002  0.11311017690121450     
  0.430000007      -5.7918755366255306E-002  0.10206780603011460     
  0.439999998      -5.8796066810357116E-002   9.1042886227249237E-002
  0.449999988      -5.9681183345199243E-002   8.0045508689243733E-002
  0.460000008      -6.0573190133714712E-002   6.9045042675940971E-002
  0.469999999      -6.1496492840964152E-002   5.8031676969494614E-002
  0.479999989      -6.2447852418985088E-002   4.7027114725730575E-002
  0.490000010      -6.3410740773129706E-002   3.6031330624096081E-002
  0.500000000      -6.4397364983751787E-002   2.5018013540092348E-002
  0.509999990      -6.5427063267324351E-002   1.3985298463334827E-002
  0.519999981      -6.6482768014856392E-002   2.9534442324495830E-003
  0.529999971      -6.7557988771712082E-002  -8.0859539436200674E-003
  0.540000021      -6.8672889441542748E-002  -1.9162899081037504E-002
  0.550000012      -6.9830706941492030E-002  -3.0268339840045063E-002
  0.560000002      -7.1011347669111935E-002  -4.1380608139762638E-002
  0.569999993      -7.2222661068404220E-002  -5.2528387617313835E-002
  0.579999983      -7.3477916543353353E-002  -6.3739081486597696E-002
  0.589999974      -7.4766991889619355E-002  -7.4977794730774525E-002
  0.600000024      -7.6078860042191498E-002  -8.6240190574989495E-002
  0.610000014      -7.7423847904922641E-002  -9.7580442404036377E-002
  0.620000005      -7.8801998305217405E-002 -0.10898906339243133     
  0.629999995      -8.0203092642193885E-002 -0.12041435570118032     
  0.639999986      -8.1619751803585466E-002 -0.13190217214690197     
  0.649999976      -8.3052874928167444E-002 -0.14349063597543901     
  0.660000026      -8.4500904058604540E-002 -0.15510646516414150     
  0.670000017      -8.5952729135262376E-002 -0.16673867281147059     
  0.680000007      -8.7390262446928477E-002 -0.17846752470605162     
  0.689999998      -8.8817517457966497E-002 -0.19023919052061314     
  0.699999988      -9.0236630968773449E-002 -0.20197200660185671     
  0.709999979      -9.1617704543674405E-002 -0.21374244104636639     
  0.720000029      -9.2950339217653402E-002 -0.22556375430434655     
  0.730000019      -9.4263767656643113E-002 -0.23731076017305994     
  0.740000010      -9.5545029651339375E-002 -0.24902931729578159     
  0.750000000      -9.6771355378428445E-002 -0.26082296334571248     
  0.759999990      -9.7998302345064167E-002 -0.27262413418698728     
  0.769999981      -9.9274738648830893E-002 -0.28447820480481145     
  0.779999971     -0.10060253847796301      -0.29663734885830045     
  0.790000021     -0.10206881752828641      -0.30923374725919939     
  0.800000012     -0.10381092690853830      -0.32246392020645870     
  0.810000002     -0.10589568653699671      -0.33679781999934383     
  0.819999993     -0.10842043195988244      -0.35268525486164465     
  0.829999983     -0.11153140179224742      -0.37050901717930590     
  0.839999974     -0.11525062967360074      -0.39077519794888038     
  0.850000024     -0.11947077679897437      -0.41376219090340743     
  0.860000014     -0.12399040914351728      -0.43923531725454407     
  0.870000005     -0.12835378119434745      -0.46637323009380927     
  0.879999995     -0.13180658038188570      -0.49345589515952792     
  0.889999986     -0.13341509983678065      -0.51756452197265379     
  0.899999976     -0.13213844484752255      -0.53480019986432459     
  0.910000026     -0.12698386681461482      -0.54066011533404401     
  0.920000017     -0.11733416212109543      -0.53078610616716237     
  0.930000007     -0.10320868322753712      -0.50202752418250896     
  0.939999998      -8.5374670745834505E-002 -0.45352782422741905     
  0.949999988      -6.5331632270964723E-002 -0.38727203079731543     
  0.959999979      -4.5100692263328281E-002 -0.30807507668780115     
  0.970000029      -2.6830806244686672E-002 -0.22273029006038897     
  0.980000019      -1.2402375794942543E-002 -0.13874663075688407     
  0.990000010      -3.1861066586307387E-003  -6.2843225285215853E-002
   1.00000000       0.0000000000000000        1.6412505586820385E-004
